3 0.8125 0.6046875 0.137109375 0.08125
3 0.52109375 0.58515625 0.13203125 0.078125
3 0.67890625 0.59453125 0.1203125 0.07265625
3 0.7984375 0.54921875 0.13828125 0.0765625
3 0.66640625 0.54140625 0.13671875 0.078125
3 0.3859375 0.5734375 0.139453125 0.0734375
3 0.24375 0.55859375 0.1390625 0.06484375
3 0.534375 0.528125 0.1265625 0.06796875
3 0.40234375 0.521875 0.11640625 0.06171875
3 0.27578125 0.51015625 0.13046875 0.06015625
3 0.78203125 0.49765625 0.115625 0.05234375
3 0.6578125 0.4921875 0.11171875 0.0546875
3 0.5453125 0.4828125 0.1125 0.06640625
3 0.42421875 0.471875 0.11875 0.053515625
3 0.30546875 0.4640625 0.1125 0.0484375
3 0.77109375 0.45 0.1125 0.06171875
3 0.65390625 0.4515625 0.10390625 0.04296875
3 0.55078125 0.44140625 0.090625 0.04609375
3 0.44296875 0.43359375 0.090625 0.0421875
3 0.33671875 0.41640625 0.12109375 0.06015625