3 0.1875 0.6046875 0.13671875 0.08046875
3 0.47890625 0.58515625 0.128125 0.07109375
3 0.32109375 0.59453125 0.125 0.08359375
3 0.2015625 0.54921875 0.1359375 0.06953125
3 0.33359375 0.54140625 0.13671875 0.07734375
3 0.6140625 0.5734375 0.139453125 0.07265625
3 0.75625 0.55859375 0.140625 0.06953125
3 0.465625 0.528125 0.121875 0.05546875
3 0.59765625 0.521875 0.11875 0.06875
3 0.72421875 0.51015625 0.1328125 0.06875
3 0.21796875 0.49765625 0.11875 0.06015625
3 0.3421875 0.4921875 0.109375 0.04765625
3 0.4546875 0.4828125 0.113671875 0.06796875
3 0.57578125 0.471875 0.11796875 0.051171875
3 0.69453125 0.4640625 0.1125 0.04765625
3 0.22890625 0.45 0.1140625 0.06484375
3 0.34609375 0.4515625 0.1046875 0.04453125
3 0.44921875 0.44140625 0.0921875 0.0484375
3 0.55703125 0.43359375 0.09375 0.05078125
3 0.66328125 0.41640625 0.11875 0.053125