3 0.8125 0.3953125 0.132421875 0.0703125
3 0.52109375 0.41484375 0.1296875 0.0734375
3 0.67890625 0.40546875 0.125 0.08359375
3 0.7984375 0.45078125 0.13828125 0.07421875
3 0.66640625 0.45859375 0.13515625 0.07421875
3 0.3859375 0.4265625 0.1375 0.065625
3 0.24375 0.44140625 0.14140625 0.0703125
3 0.534375 0.471875 0.1265625 0.068359375
3 0.40234375 0.478125 0.1140625 0.05703125
3 0.27578125 0.48984375 0.12890625 0.0546875
3 0.78203125 0.50234375 0.11640625 0.05390625
3 0.6578125 0.5078125 0.1125 0.055859375
3 0.5453125 0.5171875 0.112890625 0.065625
3 0.42421875 0.528125 0.12109375 0.06171875
3 0.30546875 0.5359375 0.115625 0.056640625
3 0.77109375 0.55 0.1125 0.06171875
3 0.65390625 0.5484375 0.103125 0.0421875
3 0.55078125 0.55859375 0.09296875 0.05078125
3 0.44296875 0.56640625 0.090625 0.0421875
3 0.33671875 0.58359375 0.11875 0.05390625