3 0.9046875 0.76796875 0.190625 0.2328125
3 0.5703125 0.74296875 0.1609375 0.23203125
3 0.86953125 0.5109375 0.16015625 0.17734375
3 0.721875 0.51640625 0.16484375 0.1921875
3 0.571875 0.51796875 0.16171875 0.17265625
3 0.74296875 0.75078125 0.19375 0.24765625
3 0.43125 0.50234375 0.13046875 0.159375
3 0.303125 0.5078125 0.14140625 0.156640625
3 0.15 0.5015625 0.14609375 0.17734375
3 0.853125 0.88046875 0.141015625 0.1375
3 0.7203125 0.89453125 0.13984375 0.13125
3 0.56015625 0.8796875 0.14375 0.14765625