3 0.90390625 0.7671875 0.1921875 0.234375
3 0.5703125 0.74296875 0.16484375 0.23515625
3 0.86953125 0.5109375 0.1765625 0.19140625
3 0.721875 0.51640625 0.1578125 0.18671875
3 0.571875 0.51796875 0.16328125 0.17421875
3 0.74296875 0.75078125 0.184375 0.24140625
3 0.43125 0.50234375 0.145703125 0.17109375
3 0.303125 0.5078125 0.14609375 0.160546875
3 0.15 0.5015625 0.14921875 0.1796875
3 0.853125 0.88046875 0.148046875 0.14453125
3 0.7203125 0.89453125 0.1359375 0.12734375
3 0.56015625 0.8796875 0.1328125 0.1375