3 0.90078125 0.23203125 0.1984375 0.2453125
3 0.5703125 0.25703125 0.18125 0.24453125
3 0.86953125 0.4890625 0.16328125 0.1796875
3 0.721875 0.48359375 0.1578125 0.18671875
3 0.571875 0.48203125 0.16171875 0.17265625
3 0.74296875 0.24921875 0.1765625 0.23515625
3 0.43125 0.49765625 0.13515625 0.16328125
3 0.303125 0.4921875 0.14609375 0.160546875
3 0.15 0.4984375 0.14453125 0.17578125
3 0.853125 0.11953125 0.14140625 0.1375
3 0.7203125 0.10546875 0.13203125 0.12265625
3 0.56015625 0.1203125 0.140625 0.1453125