3 0.90078125 0.32109375 0.1984375 0.3140625
3 0.740625 0.31796875 0.18046875 0.31953125
3 0.91328125 0.6328125 0.1734375 0.346875
3 0.77421875 0.62265625 0.190625 0.33359375
3 0.5890625 0.33125 0.1578125 0.31171875
3 0.60234375 0.6296875 0.1828125 0.31640625
3 0.43671875 0.328125 0.14921875 0.32890625
3 0.4375 0.64140625 0.1828125 0.34765625
3 0.275 0.3125 0.20234375 0.34375
3 0.109375 0.31015625 0.21328125 0.34609375
3 0.2609375 0.646875 0.21953125 0.359375
3 0.0984375 0.6265625 0.196875 0.35625