3 0.20625 0.9015625 0.142578125 0.18046875
3 0.4421875 0.42421875 0.13359375 0.17265625
3 0.7015625 0.425 0.13828125 0.1734375
3 0.7015625 0.0828125 0.15625 0.165625
3 0.440625 0.10234375 0.1265625 0.17890625
3 0.5671875 0.08515625 0.13125 0.1703125
3 0.32265625 0.10234375 0.11640625 0.16171875
3 0.21171875 0.115625 0.1234375 0.15390625
3 0.69921875 0.24609375 0.13671875 0.1640625
3 0.57109375 0.253125 0.13984375 0.171875
3 0.44140625 0.2671875 0.13046875 0.15859375
3 0.32265625 0.28125 0.125 0.13671875
3 0.21328125 0.28203125 0.1328125 0.16328125
3 0.459375 0.43671875 0.10078125 0.15078125
3 0.57265625 0.425 0.13984375 0.166796875
3 0.32578125 0.44609375 0.12421875 0.1359375
3 0.20859375 0.4390625 0.11484375 0.1453125
3 0.70078125 0.59609375 0.12265625 0.1609375
3 0.446875 0.60078125 0.1203125 0.15
3 0.3234375 0.59296875 0.13515625 0.1515625
3 0.20390625 0.590625 0.12109375 0.15390625
3 0.21328125 0.75234375 0.11796875 0.13203125
3 0.32109375 0.74765625 0.12109375 0.1578125
3 0.43515625 0.92890625 0.1234375 0.1421875
3 0.32109375 0.91171875 0.1171875 0.15078125