3 0.79375 0.0984375 0.1453125 0.18203125
3 0.5578125 0.57578125 0.14765625 0.18203125
3 0.2984375 0.575 0.13359375 0.1703125
3 0.29921875 0.92109375 0.1390625 0.15625
3 0.559375 0.89765625 0.134375 0.1828125
3 0.4328125 0.9140625 0.134375 0.171875
3 0.67734375 0.89765625 0.12734375 0.16875
3 0.78828125 0.884375 0.1171875 0.15
3 0.30078125 0.75390625 0.14375 0.16953125
3 0.42890625 0.746875 0.13359375 0.166796875
3 0.55859375 0.7328125 0.1296875 0.1578125
3 0.67734375 0.71875 0.134375 0.1453125
3 0.78671875 0.71796875 0.11953125 0.15390625
3 0.540625 0.56328125 0.10078125 0.15078125
3 0.42734375 0.575 0.14296875 0.169140625
3 0.67421875 0.55390625 0.12421875 0.1359375
3 0.79140625 0.5609375 0.11328125 0.14453125
3 0.29921875 0.40390625 0.1375 0.17109375
3 0.553125 0.39921875 0.12578125 0.153125
3 0.6765625 0.40703125 0.1265625 0.14453125
3 0.79609375 0.409375 0.12421875 0.15625
3 0.78671875 0.24765625 0.10859375 0.12421875
3 0.67890625 0.25234375 0.13515625 0.16796875
3 0.56484375 0.07265625 0.1296875 0.1453125
3 0.67890625 0.08828125 0.115625 0.15