3 0.56015625 0.80390625 0.0828125 0.11015625
3 0.26953125 0.7984375 0.10078125 0.12734375
3 0.26015625 0.5640625 0.103125 0.15390625
3 0.56484375 0.5515625 0.10234375 0.14765625
3 0.24765625 0.28125 0.10859375 0.149609375
3 0.78125 0.275 0.120703125 0.159375
3 0.36796875 0.7984375 0.1015625 0.1328125
3 0.4625 0.80625 0.0890625 0.12578125
3 0.3609375 0.6796875 0.0953125 0.1359375
3 0.46171875 0.6828125 0.0921875 0.12265625
3 0.6484375 0.80625 0.0890625 0.1109375
3 0.74140625 0.80390625 0.0984375 0.13671875
3 0.55703125 0.684375 0.1015625 0.1296875
3 0.6546875 0.68671875 0.1046875 0.14296875
3 0.74921875 0.67578125 0.0921875 0.125
3 0.36171875 0.553125 0.09609375 0.140625
3 0.4578125 0.553125 0.10859375 0.15546875
3 0.659375 0.55234375 0.103125 0.14765625
3 0.7640625 0.546875 0.11015625 0.134375
3 0.3578125 0.42109375 0.10234375 0.1421875
3 0.25078125 0.42421875 0.10859375 0.140625
3 0.3484375 0.27734375 0.1078125 0.14765625
3 0.45703125 0.42109375 0.10234375 0.14921875
3 0.559375 0.415625 0.10703125 0.14140625
3 0.66953125 0.41953125 0.10078125 0.1453125
3 0.76796875 0.41640625 0.1046875 0.13828125
3 0.4546875 0.28125 0.1109375 0.1625
3 0.56328125 0.27734375 0.1171875 0.15703125
3 0.67265625 0.284375 0.11328125 0.170703125
3 0.77421875 0.27734375 0.11328125 0.1546875