3 0.56015625 0.19609375 0.08203125 0.109375
3 0.26953125 0.2015625 0.09296875 0.122265625
3 0.26015625 0.4359375 0.09921875 0.1515625
3 0.56484375 0.4484375 0.1 0.14609375
3 0.24765625 0.71875 0.1140625 0.15234375
3 0.78125 0.725 0.11875 0.15859375
3 0.36796875 0.2015625 0.10078125 0.132421875
3 0.4625 0.19375 0.0984375 0.13203125
3 0.3609375 0.3203125 0.09453125 0.13515625
3 0.46171875 0.3171875 0.10390625 0.13046875
3 0.6484375 0.19375 0.09296875 0.11328125
3 0.74140625 0.19609375 0.10078125 0.1375
3 0.55703125 0.315625 0.0984375 0.12734375
3 0.6546875 0.31328125 0.096875 0.13828125
3 0.74921875 0.32421875 0.090625 0.1234375
3 0.36171875 0.446875 0.09609375 0.140625
3 0.4578125 0.446875 0.103515625 0.15390625
3 0.659375 0.44765625 0.1015625 0.146875
3 0.7640625 0.453125 0.1 0.12734375
3 0.3578125 0.57890625 0.1140625 0.15
3 0.25078125 0.57578125 0.1171875 0.146875
3 0.3484375 0.72265625 0.1015625 0.14375
3 0.45703125 0.57890625 0.1125 0.1546875
3 0.559375 0.584375 0.103125 0.1390625
3 0.66953125 0.58046875 0.09921875 0.14453125
3 0.76796875 0.58359375 0.09453125 0.13203125
3 0.4546875 0.71875 0.12265625 0.16875
3 0.56328125 0.72265625 0.10703125 0.15
3 0.67265625 0.715625 0.121875 0.175
3 0.77421875 0.72265625 0.11484375 0.15546875