3 0.13671875 0.209375 0.15859375 0.124609375
3 0.08203125 0.67421875 0.1640625 0.1828125
3 0.571875 0.70234375 0.17578125 0.184375
3 0.28828125 0.221875 0.15 0.1375
3 0.4296875 0.23046875 0.1296875 0.15234375
3 0.1078125 0.3484375 0.174609375 0.16015625
3 0.27265625 0.365625 0.15390625 0.15390625
3 0.41953125 0.3734375 0.1484375 0.17578125
3 0.09296875 0.49921875 0.16953125 0.146875
3 0.25234375 0.50078125 0.17578125 0.15859375
3 0.40234375 0.51640625 0.14375 0.13359375
3 0.575 0.5171875 0.171875 0.1578125
3 0.7359375 0.53359375 0.18203125 0.15390625
3 0.903125 0.5515625 0.17109375 0.16484375
3 0.896875 0.4 0.16875 0.1359375
3 0.7375 0.39765625 0.16796875 0.128125
3 0.56484375 0.3703125 0.1640625 0.13046875
3 0.23828125 0.68046875 0.18984375 0.1734375
3 0.3921875 0.6890625 0.16796875 0.16484375
3 0.06171875 0.83515625 0.1234375 0.1859375
3 0.20546875 0.8546875 0.2046875 0.20859375
3 0.3828125 0.87421875 0.19765625 0.20625
3 0.74296875 0.709375 0.19296875 0.19765625
3 0.90390625 0.725 0.1921875 0.175
3 0.57109375 0.88671875 0.18671875 0.1890625
3 0.73359375 0.88125 0.19453125 0.203125
3 0.9 0.90078125 0.2 0.1953125