3 0.86328125 0.790625 0.15078125 0.1140625
3 0.91640625 0.32578125 0.1671875 0.1859375
3 0.428125 0.29765625 0.17421875 0.18359375
3 0.71171875 0.778125 0.16484375 0.15390625
3 0.5703125 0.76953125 0.1265625 0.15
3 0.8921875 0.6515625 0.167578125 0.15234375
3 0.72734375 0.634375 0.153125 0.153125
3 0.58046875 0.6265625 0.14453125 0.1734375
3 0.90703125 0.50078125 0.1734375 0.1515625
3 0.74765625 0.49921875 0.16796875 0.14921875
3 0.59765625 0.48359375 0.14609375 0.13671875
3 0.425 0.4828125 0.171875 0.1578125
3 0.2640625 0.46640625 0.184765625 0.15625
3 0.096875 0.4484375 0.16796875 0.1609375
3 0.103125 0.6 0.175 0.1453125
3 0.2625 0.60234375 0.16171875 0.11953125
3 0.43515625 0.6296875 0.1625 0.128125
3 0.76171875 0.31953125 0.17890625 0.16015625
3 0.6078125 0.3109375 0.16875 0.16640625
3 0.93984375 0.165625 0.1203125 0.18125
3 0.79453125 0.1453125 0.2046875 0.20859375
3 0.6171875 0.12578125 0.19765625 0.20625
3 0.25703125 0.290625 0.1765625 0.18125
3 0.0984375 0.27578125 0.196875 0.1859375
3 0.42890625 0.11328125 0.18515625 0.18828125
3 0.26640625 0.11875 0.190625 0.19921875
3 0.09765625 0.09921875 0.1953125 0.1890625